298.3100	25.5000
298.9400	25.2200
298.9500	25.4100
298.9900	25.2200
299.0100	25.3500
299.0100	25.4400
299.1100	25.2800
299.1200	25.2600
299.2800	25.2700
324.5200	25.6300
327.6200	25.3400
346.3000	25.7200
362.7900	25.6900
365.0000	25.6640
370.5300	25.7100
375.0000	25.6470
382.3900	25.9300
385.0000	25.7040
393.2900	25.7700
394.3200	25.9500
395.0000	25.7960
400.0000	26.4010
400.0000	27.1960
400.0000	27.1960
400.0000	26.4010
400.0000	26.4010
401.8000	25.8100
405.0000	25.7990
415.0000	25.8600
423.3900	25.9400
425.0000	25.9210
435.0000	25.8950
442.7100	26.1200
443.4900	26.1400
445.0000	25.9030
455.0000	25.9400
463.9100	26.2000
465.0000	27.1960
465.0000	25.5642
465.0000	27.1960
465.0000	25.9760
465.0000	27.1960
465.0000	25.5642
465.0000	27.1960
475.0000	26.0000
477.9400	26.3600
483.9200	26.5300
485.0000	26.1080
492.5100	26.3700
495.0000	26.1010
498.8000	26.1300
500.2700	26.2500
500.6400	26.3500
505.0000	26.1270
510.2400	26.3000
513.0000	26.5100
515.0000	26.1610
516.9700	26.5300
525.0000	26.2140
532.2000	26.4600
535.0000	26.3310
536.5900	26.7800
539.2500	26.4900
545.0000	26.2160
546.7700	26.5400
555.0000	25.9590
559.0200	26.8500
559.4400	26.6700
562.2300	26.7200
565.0000	27.1960
565.0000	27.1960
565.0000	26.5800
565.0000	27.1960
565.0000	27.1960
572.1900	26.6600
575.0000	26.4660
581.6600	26.8900
585.0000	26.5100
589.9600	26.6500
590.6500	26.8000
594.8200	27.1500
595.0000	26.5260
604.0000	28.0328
604.0000	28.0328
604.0000	28.0328
604.0000	28.0328
604.0600	26.6200
605.0000	26.7300
612.9200	27.0200
615.0000	26.6820
618.3500	27.0400
620.0100	27.1000
625.0000	26.8470
634.6000	27.2500
635.0000	26.7470
645.0000	26.7550
645.5500	27.0700
651.7600	27.3000
658.5600	27.2300
672.6000	27.4600
676.0000	28.8696
676.0000	29.7064
676.0000	29.7064
676.0000	28.8696
682.4800	27.4100
682.9900	27.4200
709.2800	27.6500
711.3800	27.4200
734.3400	27.8400
742.1000	27.6400
756.5500	27.8700
772.6100	27.8400
780.1100	27.6600
781.0000	28.8696
781.0000	28.8696
781.0900	27.8000
781.6900	28.0500
787.4100	27.9800
806.1600	28.2600
806.1700	28.1800
819.6600	28.0900
827.4200	28.4400
845.9900	28.3200
854.4400	28.5700
871.2100	28.5000
875.0000	29.7064
875.0000	28.8696
875.0000	28.8696
875.0000	29.7064
878.1200	28.6600
897.3900	28.6000
900.8400	28.8300
926.7500	29.0600
928.4100	28.7900
946.0000	29.7064
946.0000	29.7064
953.4100	28.8500
955.4400	29.2800
977.4500	29.4100
981.7900	29.0900
1002.1900	29.3700
1017.0000	29.7064
1017.0000	29.7064
1090.0000	31.3382
1090.0000	31.3382
1164.0000	32.1331
1164.0000	32.1331