320.75	14.94165477
399.64	16.80831597
480.00	17.90434962
560.16	18.31533811
640.36	18.89755572
720.44	19.03455188
800.64	19.59971736
880.82	20.0792361
960.90	20.23334874
1040.99	20.43881081
1121.10	20.69568666
1201.18	20.84986365
1281.18	20.72998396
1361.32	21.08962302
1441.37	21.14097245
1521.45	21.27796861
1599.83	21.4663142
1679.94	21.6889571
1760.03	21.89448352
1840.13	22.09994559
1920.29	22.5281149
2000.58	23.38438918
2079.20	24.3604788
2159.26	24.44612553
2159.60	25.59350861
2239.88	26.41548559
2318.62	27.78551156
2399.27	29.87475131
2479.96	32.06681861
2560.05	32.27228068
2558.88	34.05329515
2560.22	38.54006426
2639.17	34.89245295
2639.69	42.37614987
2639.39	64.24489432
2719.88	37.17010263
2718.88	39.5333347
2719.02	39.99573697
2719.76	53.91844659
2719.94	54.55207797
2719.23	57.87434753
2719.16	63.37150357
2800.03	37.56397465
2880.16	37.8893164
2960.23	38.00919609
3040.27	38.02631257
3120.11	37.39268118
3146.53	28.89866169
3236.52	22.27123905
3174.89	21.19232188
3513.85	27.20322961
3284.28	28.28214679
3359.90	24.89134697
3436.35	24.27489641
3574.09	23.65838151
3620.30	24.42900905
3757.86	23.19597924
3833.90	21.19232188
3880.01	21.65472415
3680.23	19.80517943
3955.58	18.10981169
4063.41	19.95935641
4200.84	18.26392433
4154.50	17.03095887
4231.17	17.18507151
4322.94	16.5685566
4476.29	16.87678188
4339.60	21.03820924
4507.67	19.34284151
4538.46	19.80517943
4631.06	21.96294943
4737.70	19.80517943
4844.66	18.7263266
4767.75	17.80158641
4798.27	17.33918415
4660.24	17.03095887
4906.60	20.8840966
5013.15	18.41810132
5089.27	16.72266924
5105.33	19.18872887
5197.24	19.03455188
5396.75	19.95935641
5351.64	22.88775396
5659.12	26.12437679
5751.35	27.04911697
5920.07	27.51151924
5842.89	25.66197452
5627.37	22.42535169
5719.14	21.80883679
5903.23	22.42535169
6133.85	24.89134697
6086.95	21.80883679
6209.37	21.19232188
6346.43	18.26392433
6669.28	21.65472415
6640.60	28.28214679
6961.85	26.27848943
7036.96	21.19232188
7005.99	20.11346905
7498.57	27.3574066
7529.91	29.66928924
7897.13	27.66563188
3116.92 38.83865586
3041.76 38.32959962
3025.05 39.26310772
2991.65 39.26310772
2949.89 39.68732126
2899.78 38.92349857
2858.02 37.65061964
2757.80 38.49928503
2695.16 38.1599142
2661.76 40.70567207
2653.41 44.10033365
2632.53 45.03360343
2594.95 41.72402288
2582.42 38.41444233
2540.66 32.89847474
2511.43 30.69184938
2419.56 27.12774071
2348.57 26.61844614
2244.18 26.36391802
2139.78 25.85486177
2081.32 25.2607245
1956.04 23.73322212
1880.88 22.29056244
1780.66 20.93274547
1697.14 21.61165396
1663.74 21.6965205
1517.58 21.52678742
1429.89 21.27221163
1338.02 20.42357007
1279.56 20.50843661
1183.52 20.59330315